    T(K)        P(bar)        D(mol/L)
    170.0000    0.1789E+02    0.4110E+01
    170.7215    0.1832E+02    0.4109E+01
    171.4438    0.1876E+02    0.4108E+01
    172.1668    0.1920E+02    0.4107E+01
    172.8906    0.1966E+02    0.4106E+01
    173.6150    0.2012E+02    0.4106E+01
    174.3401    0.2059E+02    0.4105E+01
    175.0657    0.2107E+02    0.4104E+01
    175.7918    0.2155E+02    0.4103E+01
    176.5184    0.2205E+02    0.4102E+01
    177.2455    0.2255E+02    0.4101E+01
    177.9729    0.2305E+02    0.4101E+01
    178.7007    0.2357E+02    0.4100E+01
    179.4288    0.2410E+02    0.4099E+01
    180.1572    0.2463E+02    0.4098E+01
    180.8859    0.2517E+02    0.4097E+01
    181.6148    0.2572E+02    0.4096E+01
    182.3438    0.2628E+02    0.4096E+01
    183.0731    0.2684E+02    0.4095E+01
    183.8025    0.2741E+02    0.4094E+01
    184.5320    0.2799E+02    0.4093E+01
    185.2617    0.2858E+02    0.4092E+01
    185.9916    0.2918E+02    0.4091E+01
    186.7215    0.2979E+02    0.4090E+01
    187.4516    0.3040E+02    0.4090E+01
    188.1819    0.3102E+02    0.4089E+01
    188.9123    0.3165E+02    0.4088E+01
    189.6430    0.3229E+02    0.4087E+01
    190.3739    0.3294E+02    0.4086E+01
    191.1051    0.3360E+02    0.4085E+01
    191.8366    0.3426E+02    0.4084E+01
    192.5686    0.3494E+02    0.4084E+01
    193.3010    0.3562E+02    0.4083E+01
    194.0340    0.3631E+02    0.4082E+01
    194.7677    0.3701E+02    0.4081E+01
    195.5022    0.3772E+02    0.4080E+01
    196.2376    0.3844E+02    0.4079E+01
    196.9741    0.3916E+02    0.4078E+01
    197.7118    0.3990E+02    0.4078E+01
    198.4509    0.4065E+02    0.4077E+01
    199.1915    0.4140E+02    0.4076E+01
    199.9340    0.4217E+02    0.4075E+01
    200.6784    0.4294E+02    0.4074E+01
    201.4252    0.4373E+02    0.4073E+01
    202.1745    0.4453E+02    0.4072E+01
    202.9266    0.4534E+02    0.4071E+01
    203.6819    0.4615E+02    0.4070E+01
    204.4407    0.4699E+02    0.4070E+01
    205.2033    0.4783E+02    0.4069E+01
    205.9703    0.4868E+02    0.4068E+01
    206.7419    0.4955E+02    0.4067E+01
    207.5187    0.5043E+02    0.4066E+01
    208.3012    0.5133E+02    0.4065E+01
    209.0898    0.5224E+02    0.4064E+01
    209.8851    0.5316E+02    0.4063E+01
    210.6878    0.5410E+02    0.4062E+01
    211.4984    0.5506E+02    0.4061E+01
    212.3175    0.5603E+02    0.4060E+01
    213.1460    0.5702E+02    0.4059E+01
    213.9844    0.5803E+02    0.4058E+01
    214.8336    0.5905E+02    0.4057E+01
    215.6944    0.6010E+02    0.4056E+01
    216.5676    0.6117E+02    0.4055E+01
    217.4540    0.6226E+02    0.4054E+01
    218.3547    0.6337E+02    0.4053E+01
    219.2704    0.6451E+02    0.4052E+01
    220.2022    0.6567E+02    0.4051E+01
    221.1511    0.6685E+02    0.4049E+01
    222.1180    0.6806E+02    0.4048E+01
    223.1042    0.6931E+02    0.4047E+01
    224.1106    0.7057E+02    0.4046E+01
    225.1383    0.7187E+02    0.4045E+01
    226.1885    0.7320E+02    0.4043E+01
    227.2622    0.7456E+02    0.4042E+01
    228.3607    0.7595E+02    0.4041E+01
    229.4851    0.7738E+02    0.4039E+01
    230.6365    0.7884E+02    0.4038E+01
    231.8161    0.8034E+02    0.4036E+01
    233.0251    0.8187E+02    0.4035E+01
    234.2646    0.8344E+02    0.4033E+01
    235.5358    0.8504E+02    0.4032E+01
    236.8397    0.8668E+02    0.4030E+01
    238.1776    0.8836E+02    0.4029E+01
    239.5505    0.9008E+02    0.4027E+01
    240.9595    0.9184E+02    0.4025E+01
    242.4056    0.9363E+02    0.4023E+01
    243.8900    0.9547E+02    0.4022E+01
    245.4135    0.9734E+02    0.4020E+01
    246.9773    0.9925E+02    0.4018E+01
    248.5822    0.1012E+03    0.4016E+01
    250.2293    0.1032E+03    0.4014E+01
    251.9194    0.1052E+03    0.4011E+01
    253.6534    0.1073E+03    0.4009E+01
    255.4322    0.1094E+03    0.4007E+01
    257.2567    0.1115E+03    0.4005E+01
    259.1277    0.1137E+03    0.4002E+01
    261.0460    0.1159E+03    0.4000E+01
    263.0125    0.1181E+03    0.3997E+01
    265.0279    0.1203E+03    0.3994E+01
    267.0930    0.1226E+03    0.3992E+01
    269.2086    0.1250E+03    0.3989E+01
    271.3755    0.1273E+03    0.3986E+01
    273.5944    0.1297E+03    0.3983E+01
    275.8662    0.1321E+03    0.3980E+01
    278.1916    0.1345E+03    0.3977E+01
    280.5714    0.1369E+03    0.3974E+01
    283.0064    0.1393E+03    0.3970E+01
    285.4975    0.1418E+03    0.3967E+01
    288.0454    0.1443E+03    0.3963E+01
    290.6510    0.1468E+03    0.3960E+01
    293.3151    0.1493E+03    0.3956E+01
    296.0387    0.1518E+03    0.3952E+01
    298.8226    0.1543E+03    0.3948E+01
    301.6677    0.1568E+03    0.3944E+01
    304.5750    0.1594E+03    0.3940E+01
    307.5455    0.1619E+03    0.3936E+01
    310.5802    0.1644E+03    0.3931E+01
    313.6800    0.1669E+03    0.3927E+01
    316.8460    0.1694E+03    0.3922E+01
    320.0794    0.1719E+03    0.3917E+01
    323.3811    0.1744E+03    0.3912E+01
    326.7524    0.1769E+03    0.3907E+01
    330.1943    0.1793E+03    0.3902E+01
    333.7081    0.1817E+03    0.3896E+01
    337.2950    0.1842E+03    0.3891E+01
    340.9561    0.1865E+03    0.3885E+01
    344.6927    0.1889E+03    0.3879E+01
    348.5060    0.1912E+03    0.3873E+01
    352.3974    0.1935E+03    0.3867E+01
    356.3681    0.1957E+03    0.3860E+01
    360.4194    0.1979E+03    0.3853E+01
    364.5526    0.2001E+03    0.3846E+01
    368.7690    0.2022E+03    0.3839E+01
    373.0699    0.2043E+03    0.3832E+01
    377.4564    0.2063E+03    0.3824E+01
    381.9300    0.2082E+03    0.3816E+01
    386.4917    0.2101E+03    0.3808E+01
    391.1428    0.2119E+03    0.3800E+01
    395.8843    0.2137E+03    0.3791E+01
    400.7174    0.2153E+03    0.3782E+01
    405.6431    0.2169E+03    0.3773E+01
    410.6622    0.2185E+03    0.3763E+01
    415.7756    0.2199E+03    0.3753E+01
    420.9840    0.2212E+03    0.3743E+01
    426.2880    0.2225E+03    0.3732E+01
    431.6880    0.2236E+03    0.3721E+01
    437.1844    0.2247E+03    0.3710E+01
    442.7772    0.2256E+03    0.3698E+01
    448.4663    0.2265E+03    0.3686E+01
    454.2515    0.2272E+03    0.3673E+01
    460.1322    0.2278E+03    0.3660E+01
    466.1077    0.2283E+03    0.3647E+01
    472.1768    0.2287E+03    0.3633E+01
    478.3383    0.2289E+03    0.3618E+01
    484.5905    0.2290E+03    0.3603E+01
    490.9314    0.2290E+03    0.3588E+01
    497.3586    0.2288E+03    0.3572E+01
    503.8695    0.2286E+03    0.3555E+01
    510.4609    0.2281E+03    0.3538E+01
    517.1293    0.2276E+03    0.3520E+01
    523.8709    0.2269E+03    0.3502E+01
    530.6814    0.2260E+03    0.3483E+01
    537.5558    0.2250E+03    0.3463E+01
    544.4892    0.2239E+03    0.3443E+01
    551.4758    0.2226E+03    0.3422E+01
    554.9767    0.2220E+03    0.3411E+01
    560.2882    0.2209E+03    0.3395E+01
    563.8149    0.2201E+03    0.3383E+01
    569.1620    0.2189E+03    0.3366E+01
    572.7092    0.2181E+03    0.3355E+01
    578.0836    0.2167E+03    0.3337E+01
    581.6455    0.2158E+03    0.3325E+01
    587.0384    0.2143E+03    0.3306E+01
    590.6090    0.2133E+03    0.3294E+01
    596.0109    0.2118E+03    0.3274E+01
    599.5839    0.2107E+03    0.3262E+01
    604.9851    0.2090E+03    0.3242E+01
    608.5537    0.2079E+03    0.3228E+01
    613.9441    0.2061E+03    0.3208E+01
    617.5016    0.2049E+03    0.3194E+01
    622.8707    0.2031E+03    0.3172E+01
    626.4102    0.2018E+03    0.3158E+01
    631.7475    0.1999E+03    0.3136E+01
    635.2619    0.1986E+03    0.3121E+01
    640.5568    0.1965E+03    0.3099E+01
    647.5313    0.1938E+03    0.3068E+01
    654.4424    0.1910E+03    0.3037E+01
    661.2814    0.1882E+03    0.3005E+01
    668.0396    0.1853E+03    0.2973E+01
    674.7089    0.1823E+03    0.2940E+01
    681.2811    0.1794E+03    0.2906E+01
    687.7486    0.1764E+03    0.2872E+01
    694.1042    0.1734E+03    0.2838E+01
    700.3411    0.1704E+03    0.2803E+01
    706.4530    0.1674E+03    0.2767E+01
    712.4340    0.1644E+03    0.2732E+01
    718.2790    0.1614E+03    0.2696E+01
    723.9831    0.1584E+03    0.2660E+01
    729.5423    0.1555E+03    0.2624E+01
    734.9528    0.1526E+03    0.2587E+01
    740.2118    0.1497E+03    0.2551E+01
    745.3167    0.1469E+03    0.2515E+01
    750.2657    0.1442E+03    0.2479E+01
    755.0573    0.1415E+03    0.2443E+01
    759.6908    0.1388E+03    0.2407E+01
    764.1658    0.1362E+03    0.2371E+01
    768.4823    0.1337E+03    0.2336E+01
    772.6409    0.1312E+03    0.2301E+01
    776.6426    0.1289E+03    0.2267E+01
    780.4886    0.1265E+03    0.2233E+01
    784.1807    0.1243E+03    0.2200E+01
    784.8038    0.1239E+03    0.2167E+01

  Number of critical points found:            0
    T(K)        P(bar)        D(mol/L)
      T       P      beta     X(1)     X(n)     X(n+1)     X(2*n)    ns  iter
  879.3060  115.0198    0.0000    0.1764   -0.9307   -1.1042    4.0855  19  55
  879.2141  112.5768    0.0009    0.1594   -0.8307   -1.1270    4.1468   8   3
  879.1053  110.1865    0.0017    0.1420   -0.7307   -1.1498    4.2080   8   3
  878.9796  107.8474    0.0025    0.1241   -0.6307   -1.1727    4.2691   8   3
  878.8369  105.5583    0.0032    0.1057   -0.5307   -1.1957    4.3301   8   3
  878.6770  103.3177    0.0039    0.0869   -0.4307   -1.2187    4.3909   8   3
  878.5000  101.1243    0.0045    0.0675   -0.3307   -1.2418    4.4517   8   3
  878.3056   98.9768    0.0051    0.0477   -0.2307   -1.2650    4.5124   8   3
  878.0938   96.8741    0.0057    0.0274   -0.1307   -1.2882    4.5731   8   4
  877.9234   95.3254    0.0061    0.0118   -0.0557   -1.3057    4.6186   8   5
  877.6919   93.3873    0.0065   -0.0085    0.0400   -1.3281    4.6765   8   6
  877.5619   92.3698    0.0068   -0.0195    0.0907   -1.3401    4.7074   8   4
  877.4617   91.6164    0.0069   -0.0278    0.1288   -1.3490    4.7304   8   3
  877.3589   90.8688    0.0071   -0.0362    0.1669   -1.3580    4.7535   8   3
  877.2534   90.1271    0.0073   -0.0447    0.2049   -1.3669    4.7766   8   3
  877.1454   89.3911    0.0074   -0.0532    0.2430   -1.3759    4.7997   8   3
  877.0347   88.6608    0.0076   -0.0618    0.2811   -1.3849    4.8227   8   3
  876.9214   87.9362    0.0077   -0.0705    0.3191   -1.3939    4.8458   8   3
  876.8055   87.2171    0.0079   -0.0793    0.3572   -1.4030    4.8689   8   3
  876.6868   86.5036    0.0080   -0.0881    0.3952   -1.4120    4.8920   8   3
  876.5655   85.7955    0.0082   -0.0970    0.4333   -1.4211    4.9151   8   3
  876.4416   85.0929    0.0083   -0.1060    0.4714   -1.4301    4.9382   8   3
  876.3149   84.3956    0.0085   -0.1151    0.5094   -1.4392    4.9613   8   2
  876.1198   83.3596    0.0087   -0.1289    0.5665   -1.4529    4.9960   8   3
  875.9186   82.3354    0.0088   -0.1428    0.6236   -1.4666    5.0307   8   3
  875.7113   81.3227    0.0090   -0.1569    0.6807   -1.4803    5.0655   8   3
  875.4977   80.3216    0.0092   -0.1712    0.7378   -1.4941    5.1002   8   3
  875.2780   79.3316    0.0094   -0.1857    0.7949   -1.5079    5.1350   8   3
  875.0519   78.3528    0.0095   -0.2003    0.8520   -1.5217    5.1698   8   2
  874.7011   76.9050    0.0098   -0.2226    0.9376   -1.5426    5.2221   8   3
  874.3359   75.4813    0.0100   -0.2453    1.0233   -1.5635    5.2745   8   3
  873.9562   74.0812    0.0102   -0.2685    1.1089   -1.5845    5.3270   8   3
  873.5620   72.7042    0.0104   -0.2920    1.1945   -1.6056    5.3795   8   3
  873.1531   71.3498    0.0106   -0.3159    1.2802   -1.6268    5.4322   8   3
  872.7293   70.0175    0.0108   -0.3402    1.3658   -1.6481    5.4849   8   3
  872.2906   68.7070    0.0109   -0.3650    1.4515   -1.6694    5.5378   8   2
  871.6477   66.8992    0.0112   -0.4005    1.5719   -1.6997    5.6124   8   3
  870.9746   65.1324    0.0114   -0.4367    1.6924   -1.7301    5.6872   8   3
  870.2708   63.4054    0.0116   -0.4738    1.8129   -1.7608    5.7623   8   3
  869.5361   61.7172    0.0117   -0.5117    1.9334   -1.7917    5.8377   8   3
  868.7699   60.0667    0.0119   -0.5503    2.0538   -1.8227    5.9134   8   2
  867.8173   58.1513    0.0121   -0.5973    2.1971   -1.8600    6.0038   8   3
  866.8192   56.2863    0.0123   -0.6453    2.3405   -1.8976    6.0946   8   3
  865.7752   54.4704    0.0124   -0.6945    2.4838   -1.9355    6.1859   8   2
  864.5734   52.5284    0.0126   -0.7497    2.6414   -1.9775    6.2869   8   2
  863.2746   50.5842    0.0127   -0.8079    2.8039   -2.0214    6.3916   8   2
  861.8727   48.6412    0.0128   -0.8693    2.9713   -2.0670    6.5002   8   2
  860.3611   46.7030    0.0130   -0.9339    3.1437   -2.1144    6.6128   8   2
  858.7333   44.7728    0.0131   -1.0017    3.3210   -2.1638    6.7294   8   2
  856.9825   42.8539    0.0132   -1.0729    3.5033   -2.2151    6.8501   8   2
  855.1019   40.9495    0.0133   -1.1475    3.6904   -2.2685    6.9751   8   2
  853.0843   39.0628    0.0134   -1.2255    3.8825   -2.3240    7.1043   8   2
  850.9226   37.1969    0.0135   -1.3071    4.0796   -2.3816    7.2380   8   2
  848.6097   35.3548    0.0136   -1.3923    4.2816   -2.4415    7.3761   8   2
  846.1383   33.5395    0.0136   -1.4810    4.4885   -2.5036    7.5189   8   2
  843.5013   31.7538    0.0137   -1.5734    4.7003   -2.5682    7.6665   8   2
  840.6917   30.0007    0.0138   -1.6694    4.9171   -2.6353    7.8188   8   2
  837.7025   28.2829    0.0139   -1.7690    5.1389   -2.7049    7.9762   8   2
  834.5270   26.6030    0.0139   -1.8723    5.3656   -2.7772    8.1386   8   2
  831.1589   24.9637    0.0140   -1.9792    5.5972   -2.8522    8.3062   8   2
  827.5921   23.3676    0.0141   -2.0898    5.8338   -2.9301    8.4792   8   2
  823.8210   21.8169    0.0141   -2.2040    6.0753   -3.0109    8.6576   8   2
  819.8403   20.3141    0.0142   -2.3219    6.3218   -3.0948    8.8416   8   2
  815.6456   18.8614    0.0143   -2.4434    6.5732   -3.1818    9.0315   8   2
  811.2329   17.4607    0.0143   -2.5685    6.8296   -3.2722    9.2272   8   2
  806.5990   16.1141    0.0144   -2.6971    7.0910   -3.3659    9.4291   8   2
  801.7415   14.8233    0.0145   -2.8294    7.3573   -3.4632    9.6372   8   2
  796.6587   13.5898    0.0145   -2.9653    7.6285   -3.5641    9.8517   8   2
  791.3502   12.4149    0.0146   -3.1048    7.9047   -3.6688   10.0729   8   2
  785.8163   11.2998    0.0146   -3.2480    8.1858   -3.7774   10.3009   8   2
  780.0586   10.2452    0.0147   -3.3947    8.4720   -3.8900   10.5360   8   2
  774.0797    9.2519    0.0148   -3.5452    8.7630   -4.0068   10.7783   8   2
  767.8835    8.3200    0.0148   -3.6994    9.0590   -4.1278   11.0280   8   2
  761.4750    7.4495    0.0149   -3.8574    9.3600   -4.2532   11.2855   8   2
  754.8607    6.6401    0.0149   -4.0193    9.6660   -4.3831   11.5508   8   2
  748.0483    5.8909    0.0149   -4.1851    9.9769   -4.5175   11.8243   8   2
  741.0467    5.2011    0.0150   -4.3549   10.2927   -4.6567   12.1060   8   2
  737.4643    4.8768    0.0150   -4.4417   10.4531   -4.7283   12.2507   8   2
  732.0622    4.4215    0.0150   -4.5726   10.6938   -4.8369   12.4695   8   2
  728.3744    4.1325    0.0150   -4.6621   10.8573   -4.9115   12.6195   8   2
  722.8220    3.7285    0.0150   -4.7970   11.1025   -5.0247   12.8465   8   2
  719.0389    3.4733    0.0150   -4.8891   11.2691   -5.1023   13.0021   8   2
  713.3521    3.1181    0.0150   -5.0282   11.5190   -5.2200   13.2374   8   2
  709.4849    2.8948    0.0150   -5.1231   11.6887   -5.3007   13.3985   8   2
  703.6809    2.5854    0.0150   -5.2665   11.9433   -5.4229   13.6422   8   2
  699.7418    2.3919    0.0149   -5.3643   12.1161   -5.5067   13.8090   8   2
  693.8395    2.1250    0.0149   -5.5121   12.3753   -5.6335   14.0612   8   2
  689.8414    1.9590    0.0149   -5.6129   12.5512   -5.7203   14.2337   8   2
  683.8604    1.7312    0.0148   -5.7652   12.8150   -5.8516   14.4943   8   2
  679.8169    1.5902    0.0148   -5.8692   12.9940   -5.9414   14.6724   8   2
  673.7775    1.3978    0.0147   -6.0261   13.2625   -6.0771   14.9413   8   2
  669.4897    1.2734    0.0147   -6.1388   13.4541   -6.1747   15.1346  16   2
  663.1397    1.1063    0.0146   -6.3078   13.7396   -6.3212   15.4245  16   2
  658.8948    1.0053    0.0146   -6.4223   13.9318   -6.4206   15.6209  16   2
  652.6133    0.8700    0.0145   -6.5942   14.2184   -6.5696   15.9154  16   2
  648.4182    0.7885    0.0144   -6.7107   14.4114   -6.6707   16.1149  16   2
  642.2144    0.6797    0.0143   -6.8856   14.6995   -6.8223   16.4141  16   2
  638.0746    0.6144    0.0143   -7.0042   14.8936   -6.9250   16.6167  16   2
  631.9560    0.5276    0.0142   -7.1824   15.1834   -7.0792   16.9205  16   2
  627.8761    0.4756    0.0141   -7.3031   15.3789   -7.1837   17.1262  16   2
  621.8487    0.4068    0.0140   -7.4847   15.6709   -7.3405   17.4347  16   2
  617.8322    0.3658    0.0139   -7.6077   15.8678   -7.4466   17.6435  16   2
  611.9009    0.3116    0.0138   -7.7928   16.1623   -7.6060   17.9567  16   2
  607.9507    0.2794    0.0138   -7.9182   16.3610   -7.7140   18.1685  16   2
  602.1191    0.2371    0.0137   -8.1069   16.6582   -7.8760   18.4864  16   2
  598.2373    0.2120    0.0136   -8.2348   16.8588   -7.9857   18.7013  16   2
  592.5082    0.1792    0.0135   -8.4272   17.1590   -8.1505   19.0238  16   2
  588.6963    0.1598    0.0134   -8.5577   17.3617   -8.2620   19.2419  16   2
  583.0715    0.1345    0.0133   -8.7539   17.6652   -8.4295   19.5690  16   2
  579.3305    0.1197    0.0132   -8.8869   17.8701   -8.5428   19.7902  16   2
  573.8113    0.1003    0.0131   -9.0870   18.1770   -8.7130   20.1220  16   2
      T       P      beta     X(1)     X(n)     X(n+1)     X(2*n)    ns  iter
  879.3060  115.0198    0.0000   -1.1042    4.0855    0.1764   -0.9307  19  54
  879.3012  115.0065    0.0010   -1.1041    4.0849    0.1766   -0.9322  16   1
  879.2869  114.9665    0.0040   -1.1039    4.0832    0.1775   -0.9364  16   2
  879.2652  114.9063    0.0084   -1.1035    4.0806    0.1787   -0.9427  16   2
  879.2324  114.8152    0.0149   -1.1030    4.0767    0.1806   -0.9522  16   2
  879.1827  114.6770    0.0246   -1.1022    4.0709    0.1834   -0.9664  16   2
  879.1068  114.4664    0.0385   -1.1010    4.0622    0.1876   -0.9877  16   2
  878.9900  114.1426    0.0585   -1.0993    4.0493    0.1939   -1.0197  16   2
  878.8083  113.6399    0.0865   -1.0968    4.0300    0.2035   -1.0676  16   2
  878.5209  112.8478    0.1247   -1.0930    4.0016    0.2180   -1.1396  16   3
  878.2162  112.0114    0.1591   -1.0895    3.9735    0.2326   -1.2115  16   3
  877.8942  111.1318    0.1903   -1.0861    3.9459    0.2473   -1.2835  16   2
  877.3794  109.7345    0.2322   -1.0812    3.9052    0.2698   -1.3914  16   3
  876.8272  108.2479    0.2692   -1.0766    3.8655    0.2926   -1.4993  16   3
  876.2384  106.6769    0.3025   -1.0722    3.8266    0.3159   -1.6073  16   3
  875.6138  105.0265    0.3325   -1.0680    3.7886    0.3397   -1.7152  16   3
  874.9543  103.3021    0.3600   -1.0640    3.7513    0.3639   -1.8231  16   2
  874.0811  101.0486    0.3913   -1.0593    3.7058    0.3950   -1.9582  16   3
  873.1561   98.6984    0.4198   -1.0548    3.6613    0.4270   -2.0932  16   3
  872.1807   96.2623    0.4460   -1.0504    3.6179    0.4600   -2.2282  16   2
  871.0456   93.4825    0.4727   -1.0456    3.5711    0.4976   -2.3775  16   3
  869.8527   90.6263    0.4973   -1.0409    3.5253    0.5366   -2.5267  16   3
  868.6035   87.7084    0.5202   -1.0361    3.4804    0.5770   -2.6760  16   2
  867.1720   84.4574    0.5436   -1.0308    3.4322    0.6230   -2.8396  16   3
  865.6768   81.1691    0.5654   -1.0252    3.3850    0.6709   -3.0032  16   2
  864.0249   77.6655    0.5870   -1.0188    3.3358    0.7238   -3.1765  16   3
  862.3046   74.1620    0.6073   -1.0120    3.2874    0.7790   -3.3498  16   2
  860.4148   70.4843    0.6273   -1.0042    3.2370    0.8399   -3.5328  16   2
  858.3970   66.7544    0.6466   -0.9953    3.1858    0.9052   -3.7208  16   2
  856.2457   62.9990    0.6652   -0.9851    3.1339    0.9753   -3.9137  16   2
  853.9548   59.2458    0.6831   -0.9736    3.0811    1.0505   -4.1115  16   2
  851.5180   55.5231    0.7002   -0.9605    3.0274    1.1308   -4.3143  16   2
  848.9283   51.8583    0.7166   -0.9457    2.9728    1.2164   -4.5220  16   2
  846.1786   48.2776    0.7324   -0.9291    2.9173    1.3075   -4.7346  16   2
  843.2614   44.8044    0.7474   -0.9105    2.8609    1.4040   -4.9522  16   2
  840.1692   41.4590    0.7616   -0.8900    2.8038    1.5059   -5.1747  16   2
  836.8945   38.2576    0.7752   -0.8675    2.7459    1.6131   -5.4022  16   2
  833.4302   35.2122    0.7880   -0.8431    2.6874    1.7254   -5.6346  16   2
  829.7692   32.3305    0.8000   -0.8169    2.6286    1.8427   -5.8720  16   2
  825.9054   29.6163    0.8114   -0.7891    2.5695    1.9647   -6.1143  16   2
  821.8330   27.0699    0.8220   -0.7598    2.5103    2.0911   -6.3616  16   2
  817.5471   24.6888    0.8319   -0.7292    2.4514    2.2217   -6.6138  16   2
  813.0435   22.4683    0.8411   -0.6975    2.3929    2.3562   -6.8710  16   2
  808.3189   20.4024    0.8497   -0.6650    2.3351    2.4946   -7.1331  16   2
  803.3711   18.4841    0.8576   -0.6319    2.2782    2.6366   -7.4002  16   2
  798.1985   16.7060    0.8650   -0.5984    2.2224    2.7820   -7.6723  16   2
  792.8010   15.0606    0.8717   -0.5646    2.1681    2.9308   -7.9492  16   2
  787.1792   13.5406    0.8779   -0.5308    2.1154    3.0829   -8.2312  16   2
  781.3351   12.1389    0.8836   -0.4971    2.0646    3.2382   -8.5181  16   2
  775.2717   10.8489    0.8888   -0.4637    2.0159    3.3968   -8.8099  16   2
  768.9933    9.6643    0.8935   -0.4307    1.9697    3.5586   -9.1068  16   2
  762.5056    8.5791    0.8977   -0.3981    1.9261    3.7236   -9.4085  16   2
  755.8153    7.5877    0.9015   -0.3661    1.8854    3.8920   -9.7153  16   2
  748.9307    6.6849    0.9050   -0.3347    1.8478    4.0637  -10.0270  16   2
  745.4045    6.2634    0.9065   -0.3191    1.8302    4.1512  -10.1853  16   2
  740.0835    5.6748    0.9087   -0.2963    1.8057    4.2828  -10.4228  16   2
  736.4476    5.3029    0.9101   -0.2812    1.7902    4.3725  -10.5842  16   2
  730.9693    4.7850    0.9119   -0.2589    1.7690    4.5075  -10.8263  16   2
  727.2332    4.4589    0.9130   -0.2441    1.7559    4.5995  -10.9908  16   2
  721.6125    4.0062    0.9146   -0.2223    1.7383    4.7380  -11.2376  16   2
  717.7865    3.7223    0.9155   -0.2078    1.7277    4.8325  -11.4052  16   2
  712.0399    3.3295    0.9167   -0.1865    1.7137    4.9746  -11.6567  16   2
  708.1358    3.0841    0.9175   -0.1722    1.7056    5.0715  -11.8274  16   2
  702.2811    2.7460    0.9185   -0.1511    1.6955    5.2175  -12.0834  16   2
  698.3112    2.5356    0.9190   -0.1369    1.6899    5.3170  -12.2572  16   2
  692.3675    2.2469    0.9197   -0.1160    1.6836    5.4669  -12.5179  16   2
  688.3450    2.0681    0.9201   -0.1019    1.6806    5.5691  -12.6948  16   2
  682.3323    1.8238    0.9206   -0.0808    1.6781    5.7231  -12.9602  16   2
  678.2707    1.6732    0.9208   -0.0666    1.6776    5.8281  -13.1402  16   2
  672.2091    1.4683    0.9211   -0.0454    1.6788    5.9863  -13.4102  16   2
  668.1221    1.3426    0.9211   -0.0310    1.6808    6.0941  -13.5933  16   2
  662.0319    1.1724    0.9212   -0.0094    1.6855    6.2566  -13.8680  16   2
  657.9330    1.0685    0.9211    0.0053    1.6898    6.3673  -14.0542  16   2
  651.8339    0.9284    0.9209    0.0275    1.6979    6.5342  -14.3335  16   2
  647.7361    0.8433    0.9207    0.0426    1.7043    6.6479  -14.5227  16   2
  641.6470    0.7291    0.9203    0.0655    1.7155    6.8192  -14.8067  16   2
  637.5623    0.6601    0.9200    0.0812    1.7240    6.9358  -14.9991  16   2
  631.5006    0.5680    0.9194    0.1050    1.7380    7.1116  -15.2877  16   2
  627.4404    0.5125    0.9189    0.1213    1.7483    7.2313  -15.4832  16   2
  621.4221    0.4388    0.9182    0.1460    1.7649    7.4116  -15.7764  16   2
  617.3964    0.3947    0.9176    0.1630    1.7769    7.5342  -15.9750  16   2
  611.4355    0.3364    0.9167    0.1888    1.7958    7.7190  -16.2729  16   2
  607.4531    0.3016    0.9160    0.2065    1.8092    7.8447  -16.4746  16   2
  601.5618    0.2558    0.9149    0.2335    1.8301    8.0339  -16.7772  16   2
  597.6303    0.2286    0.9141    0.2520    1.8448    8.1625  -16.9820  16   2
  591.8189    0.1930    0.9128    0.2801    1.8675    8.3562  -17.2892  16   2
  587.9445    0.1720    0.9119    0.2995    1.8832    8.4878  -17.4971  16   2
  582.2214    0.1446    0.9105    0.3289    1.9075    8.6859  -17.8089  16   2
  578.4092    0.1284    0.9095    0.3490    1.9242    8.8204  -18.0199  16   2
  572.7812    0.1075    0.9079    0.3797    1.9497    9.0228  -18.3364  16   2
      T       P      beta     X(1)     X(n)     X(n+1)     X(2*n)    ns  iter
  879.3060  115.0198    0.0000    0.1764   -0.9307   -1.1042    4.0855  19  13
  879.2141  112.5768    0.0009    0.1594   -0.8307   -1.1270    4.1468   8   3
  879.1053  110.1865    0.0017    0.1420   -0.7307   -1.1498    4.2080   8   3
  878.9796  107.8474    0.0025    0.1241   -0.6307   -1.1727    4.2691   8   3
  878.8369  105.5583    0.0032    0.1057   -0.5307   -1.1957    4.3301   8   3
  878.6770  103.3177    0.0039    0.0869   -0.4307   -1.2187    4.3909   8   3
  878.5000  101.1243    0.0045    0.0675   -0.3307   -1.2418    4.4517   8   3
  878.3056   98.9768    0.0051    0.0477   -0.2307   -1.2650    4.5124   8   3
  878.0938   96.8741    0.0057    0.0274   -0.1307   -1.2882    4.5731   8   4
  877.9234   95.3254    0.0061    0.0118   -0.0557   -1.3057    4.6186   8   5
  877.6919   93.3872    0.0065   -0.0085    0.0400   -1.3281    4.6765   8   6
  877.5619   92.3698    0.0068   -0.0195    0.0907   -1.3401    4.7074   8   4
  877.4617   91.6163    0.0069   -0.0278    0.1288   -1.3490    4.7305   8   3
  877.3589   90.8688    0.0071   -0.0362    0.1669   -1.3580    4.7535   8   3
  877.2534   90.1271    0.0073   -0.0447    0.2049   -1.3669    4.7766   8   3
  877.1454   89.3911    0.0074   -0.0532    0.2430   -1.3759    4.7997   8   3
  877.0347   88.6608    0.0076   -0.0618    0.2811   -1.3849    4.8227   8   3
  876.9214   87.9362    0.0077   -0.0705    0.3191   -1.3939    4.8458   8   3
  876.8055   87.2171    0.0079   -0.0793    0.3572   -1.4030    4.8689   8   3
  876.6868   86.5036    0.0080   -0.0881    0.3952   -1.4120    4.8920   8   3
  876.5655   85.7955    0.0082   -0.0970    0.4333   -1.4211    4.9151   8   3
  876.4416   85.0929    0.0083   -0.1060    0.4714   -1.4301    4.9382   8   3
  876.3149   84.3956    0.0085   -0.1151    0.5094   -1.4392    4.9613   8   2
  876.1198   83.3596    0.0087   -0.1289    0.5665   -1.4529    4.9960   8   3
  875.9186   82.3354    0.0088   -0.1428    0.6236   -1.4666    5.0307   8   3
  875.7113   81.3227    0.0090   -0.1569    0.6807   -1.4803    5.0655   8   3
  875.4977   80.3216    0.0092   -0.1712    0.7378   -1.4941    5.1002   8   3
  875.2780   79.3316    0.0094   -0.1857    0.7949   -1.5079    5.1350   8   3
  875.0519   78.3528    0.0095   -0.2003    0.8520   -1.5217    5.1698   8   2
  874.7011   76.9050    0.0098   -0.2226    0.9376   -1.5426    5.2221   8   3
  874.3359   75.4813    0.0100   -0.2453    1.0233   -1.5635    5.2745   8   3
  873.9562   74.0812    0.0102   -0.2685    1.1089   -1.5845    5.3270   8   3
  873.5620   72.7042    0.0104   -0.2920    1.1945   -1.6056    5.3795   8   3
  873.1531   71.3498    0.0106   -0.3159    1.2802   -1.6268    5.4322   8   3
  872.7293   70.0175    0.0108   -0.3402    1.3658   -1.6481    5.4849   8   3
  872.2906   68.7070    0.0109   -0.3650    1.4515   -1.6694    5.5378   8   2
  871.6477   66.8992    0.0112   -0.4005    1.5719   -1.6997    5.6124   8   3
  870.9746   65.1324    0.0114   -0.4367    1.6924   -1.7301    5.6872   8   3
  870.2708   63.4054    0.0116   -0.4738    1.8129   -1.7608    5.7623   8   3
  869.5361   61.7172    0.0117   -0.5117    1.9334   -1.7917    5.8377   8   3
  868.7699   60.0667    0.0119   -0.5503    2.0538   -1.8227    5.9134   8   2
  867.8173   58.1513    0.0121   -0.5973    2.1971   -1.8600    6.0038   8   3
  866.8192   56.2863    0.0123   -0.6453    2.3405   -1.8976    6.0946   8   3
  865.7752   54.4704    0.0124   -0.6945    2.4838   -1.9355    6.1859   8   2
  864.5734   52.5284    0.0126   -0.7497    2.6414   -1.9775    6.2869   8   2
  863.2746   50.5842    0.0127   -0.8079    2.8039   -2.0214    6.3916   8   2
  861.8727   48.6412    0.0128   -0.8693    2.9713   -2.0670    6.5002   8   2
  860.3611   46.7030    0.0130   -0.9339    3.1437   -2.1144    6.6128   8   2
  858.7333   44.7728    0.0131   -1.0017    3.3210   -2.1638    6.7294   8   2
  856.9825   42.8539    0.0132   -1.0729    3.5033   -2.2151    6.8501   8   2
  855.1019   40.9495    0.0133   -1.1475    3.6904   -2.2685    6.9751   8   2
  853.0843   39.0628    0.0134   -1.2255    3.8825   -2.3240    7.1043   8   2
  850.9226   37.1969    0.0135   -1.3071    4.0796   -2.3816    7.2380   8   2
  848.6097   35.3548    0.0136   -1.3923    4.2816   -2.4415    7.3761   8   2
  846.1383   33.5395    0.0136   -1.4810    4.4885   -2.5036    7.5189   8   2
  843.5013   31.7538    0.0137   -1.5734    4.7003   -2.5682    7.6665   8   2
  840.6917   30.0007    0.0138   -1.6694    4.9171   -2.6353    7.8188   8   2
  837.7025   28.2829    0.0139   -1.7690    5.1389   -2.7049    7.9762   8   2
  834.5270   26.6030    0.0139   -1.8723    5.3656   -2.7772    8.1386   8   2
  831.1589   24.9637    0.0140   -1.9792    5.5972   -2.8522    8.3062   8   2
  827.5921   23.3676    0.0141   -2.0898    5.8338   -2.9301    8.4792   8   2
  823.8210   21.8169    0.0141   -2.2040    6.0753   -3.0109    8.6576   8   2
  819.8403   20.3141    0.0142   -2.3219    6.3218   -3.0948    8.8416   8   2
  815.6456   18.8614    0.0143   -2.4434    6.5732   -3.1818    9.0315   8   2
  811.2329   17.4607    0.0143   -2.5685    6.8296   -3.2722    9.2272   8   2
  806.5990   16.1141    0.0144   -2.6971    7.0910   -3.3659    9.4291   8   2
  801.7415   14.8233    0.0145   -2.8294    7.3573   -3.4632    9.6372   8   2
  796.6587   13.5898    0.0145   -2.9653    7.6285   -3.5641    9.8517   8   2
  791.3502   12.4149    0.0146   -3.1048    7.9047   -3.6688   10.0729   8   2
  785.8163   11.2998    0.0146   -3.2480    8.1858   -3.7774   10.3009   8   2
  780.0586   10.2452    0.0147   -3.3947    8.4720   -3.8900   10.5360   8   2
  774.0797    9.2519    0.0148   -3.5452    8.7630   -4.0068   10.7783   8   2
  767.8835    8.3200    0.0148   -3.6994    9.0590   -4.1278   11.0280   8   2
  761.4750    7.4495    0.0149   -3.8574    9.3600   -4.2532   11.2855   8   2
  754.8607    6.6401    0.0149   -4.0193    9.6660   -4.3831   11.5508   8   2
  748.0483    5.8909    0.0149   -4.1851    9.9769   -4.5175   11.8243   8   2
  741.0467    5.2011    0.0150   -4.3549   10.2927   -4.6567   12.1060   8   2
  737.4643    4.8768    0.0150   -4.4417   10.4531   -4.7283   12.2507   8   2
  732.0622    4.4215    0.0150   -4.5726   10.6938   -4.8369   12.4695   8   2
  728.3744    4.1325    0.0150   -4.6621   10.8573   -4.9115   12.6195   8   2
  722.8220    3.7285    0.0150   -4.7970   11.1025   -5.0247   12.8465   8   2
  719.0389    3.4733    0.0150   -4.8891   11.2691   -5.1023   13.0021   8   2
  713.3521    3.1181    0.0150   -5.0282   11.5190   -5.2200   13.2374   8   2
  709.4849    2.8948    0.0150   -5.1231   11.6887   -5.3007   13.3985   8   2
  703.6809    2.5854    0.0150   -5.2665   11.9433   -5.4229   13.6422   8   2
  699.7418    2.3919    0.0149   -5.3643   12.1161   -5.5067   13.8090   8   2
  693.8395    2.1250    0.0149   -5.5121   12.3753   -5.6335   14.0612   8   2
  689.8414    1.9590    0.0149   -5.6129   12.5512   -5.7203   14.2337   8   2
  683.8604    1.7312    0.0148   -5.7652   12.8150   -5.8516   14.4943   8   2
  679.8169    1.5902    0.0148   -5.8692   12.9940   -5.9414   14.6724   8   2
  673.7775    1.3978    0.0147   -6.0261   13.2625   -6.0771   14.9413   8   2
  669.4897    1.2734    0.0147   -6.1388   13.4541   -6.1747   15.1346  16   2
  663.1397    1.1063    0.0146   -6.3078   13.7396   -6.3212   15.4245  16   2
  658.8948    1.0053    0.0146   -6.4223   13.9318   -6.4206   15.6209  16   2
  652.6133    0.8700    0.0145   -6.5942   14.2184   -6.5696   15.9154  16   2
  648.4182    0.7885    0.0144   -6.7107   14.4114   -6.6707   16.1149  16   2
  642.2144    0.6797    0.0143   -6.8856   14.6995   -6.8223   16.4141  16   2
  638.0746    0.6144    0.0143   -7.0042   14.8936   -6.9250   16.6167  16   2
  631.9560    0.5276    0.0142   -7.1824   15.1834   -7.0792   16.9205  16   2
  627.8761    0.4756    0.0141   -7.3031   15.3789   -7.1837   17.1262  16   2
  621.8487    0.4068    0.0140   -7.4847   15.6709   -7.3405   17.4347  16   2
  617.8322    0.3658    0.0139   -7.6077   15.8678   -7.4466   17.6435  16   2
  611.9009    0.3116    0.0138   -7.7928   16.1623   -7.6060   17.9567  16   2
  607.9507    0.2794    0.0138   -7.9182   16.3610   -7.7140   18.1685  16   2
  602.1191    0.2371    0.0137   -8.1069   16.6582   -7.8760   18.4864  16   2
  598.2373    0.2120    0.0136   -8.2348   16.8588   -7.9857   18.7013  16   2
  592.5082    0.1792    0.0135   -8.4272   17.1590   -8.1505   19.0238  16   2
  588.6963    0.1598    0.0134   -8.5577   17.3617   -8.2620   19.2419  16   2
  583.0715    0.1345    0.0133   -8.7539   17.6652   -8.4295   19.5690  16   2
  579.3305    0.1197    0.0132   -8.8869   17.8701   -8.5428   19.7902  16   2
  573.8113    0.1003    0.0131   -9.0870   18.1770   -8.7130   20.1220  16   2
      T       P      beta     X(1)     X(n)     X(n+1)     X(2*n)    ns  iter
  879.3060  115.0198    0.0000   -1.1042    4.0855    0.1764   -0.9307  19  13
  879.3012  115.0065    0.0010   -1.1041    4.0849    0.1766   -0.9322  16   1
  879.2869  114.9665    0.0040   -1.1039    4.0832    0.1775   -0.9364  16   2
  879.2652  114.9063    0.0084   -1.1035    4.0806    0.1787   -0.9427  16   2
  879.2324  114.8152    0.0149   -1.1030    4.0767    0.1806   -0.9522  16   2
  879.1827  114.6770    0.0246   -1.1022    4.0709    0.1834   -0.9664  16   2
  879.1068  114.4664    0.0385   -1.1010    4.0622    0.1876   -0.9877  16   2
  878.9900  114.1426    0.0585   -1.0993    4.0493    0.1939   -1.0197  16   2
  878.8083  113.6398    0.0865   -1.0968    4.0300    0.2035   -1.0676  16   2
  878.5209  112.8478    0.1247   -1.0930    4.0016    0.2180   -1.1396  16   3
  878.2161  112.0113    0.1591   -1.0895    3.9735    0.2326   -1.2115  16   3
  877.8941  111.1317    0.1903   -1.0861    3.9459    0.2473   -1.2835  16   2
  877.3794  109.7344    0.2322   -1.0812    3.9052    0.2698   -1.3914  16   3
  876.8272  108.2477    0.2692   -1.0766    3.8655    0.2926   -1.4994  16   3
  876.2384  106.6767    0.3025   -1.0722    3.8266    0.3159   -1.6073  16   3
  875.6137  105.0263    0.3325   -1.0680    3.7886    0.3397   -1.7152  16   3
  874.9541  103.3018    0.3600   -1.0640    3.7513    0.3639   -1.8232  16   2
  874.0810  101.0483    0.3913   -1.0593    3.7058    0.3950   -1.9582  16   3
  873.1559   98.6980    0.4199   -1.0548    3.6613    0.4270   -2.0932  16   3
  872.1806   96.2619    0.4460   -1.0504    3.6179    0.4600   -2.2282  16   2
  871.0455   93.4821    0.4727   -1.0456    3.5711    0.4976   -2.3775  16   3
  869.8525   90.6258    0.4973   -1.0409    3.5252    0.5366   -2.5268  16   3
  868.6034   87.7079    0.5202   -1.0361    3.4804    0.5770   -2.6760  16   2
  867.1718   84.4569    0.5436   -1.0308    3.4322    0.6230   -2.8396  16   3
  865.6765   81.1686    0.5654   -1.0252    3.3850    0.6709   -3.0032  16   2
  864.0246   77.6650    0.5870   -1.0188    3.3358    0.7238   -3.1765  16   3
  862.3043   74.1615    0.6073   -1.0120    3.2874    0.7790   -3.3498  16   2
  860.4145   70.4838    0.6273   -1.0042    3.2370    0.8399   -3.5328  16   2
  858.3967   66.7539    0.6466   -0.9953    3.1858    0.9052   -3.7208  16   2
  856.2454   62.9984    0.6652   -0.9851    3.1339    0.9754   -3.9137  16   2
  853.9545   59.2453    0.6831   -0.9736    3.0811    1.0505   -4.1115  16   2
  851.5176   55.5225    0.7002   -0.9605    3.0274    1.1308   -4.3143  16   2
  848.9279   51.8578    0.7166   -0.9457    2.9728    1.2164   -4.5220  16   2
  846.1782   48.2771    0.7324   -0.9291    2.9173    1.3075   -4.7346  16   2
  843.2610   44.8040    0.7474   -0.9105    2.8609    1.4040   -4.9522  16   2
  840.1688   41.4586    0.7616   -0.8900    2.8038    1.5059   -5.1748  16   2
  836.8941   38.2572    0.7752   -0.8675    2.7459    1.6131   -5.4023  16   2
  833.4297   35.2118    0.7880   -0.8431    2.6874    1.7255   -5.6347  16   2
  829.7687   32.3301    0.8000   -0.8169    2.6285    1.8427   -5.8721  16   2
  825.9048   29.6160    0.8114   -0.7891    2.5695    1.9647   -6.1144  16   2
  821.8324   27.0696    0.8220   -0.7598    2.5103    2.0911   -6.3617  16   2
