8	NC	Asphaltenic Fluid from Burke 1990, characterized as by Gonzalez et al, 2016:
0.0246	0.3694	0.0752	0.0193	0.0157	0.0162	0.47145	0.00815
2				NMODEL (1:SRK / 2:PR / 3:RKPR)
0  0			ncomb, nTdep
 CO2 
  304.0390   73.7900  0.225000  0.10531
    3.9598  0.026652  0.707984
 C1-N
  189.4280   45.8300  0.008500  0.10564
    2.4748  0.026735  0.387730
0.0 		kij
0.0 		lij
 C2-C
  339.8720   45.4100  0.127100  0.19130
    8.0406  0.048412  0.566301
0.0   0.0   	kij
0.0   0.0 	lij
 C4  
  419.8170   37.5400  0.187800  0.28583
   14.8400  0.072337  0.654757
0.0   0.0   0.0  		kij
0.0   0.0   0.0 		lij
 C5  
  465.0940   33.8000  0.239700  0.35169
   20.2290  0.089005  0.728811
0.0   0.0   0.0   0.0  		kij
0.0   0.0   0.0   0.0 		lij
 C6  
  507.3170   32.9000  0.275000  0.39412
   24.7270  0.099741  0.778349
0.0   0.0   0.0   0.0   0.0  		kij
0.0   0.0   0.0   0.0   0.0 		lij
 C7+n
  860.3720   12.4600  1.022000  1.76485
  187.7863  0.446643	1.743396   (mPR76: 1.668903)
0.0   0.053   0.0   0.0   0.0   0.0  		kij
0.0   0.0   0.0   0.0   0.0   0.0 		lij
 Asph
 1424.8170   12.2900  1.441000  2.96311	
  522.1264  0.749893   2.228017	  (mPR76: 2.036553)
0.0   0.135 0.135 0.135 0.135  0.0   0.0  		kij
0.0   0.0   0.0   0.0   0.0   0.0   0.0 		lij



